Yankee_doodle_Saloon_style_padded8_bpm120: 436.04113428112026
doremi_acc_padded8: 302.9135313368845
