K265_cutmore_padded_130: 112.84700486857164
doremi_acc_padded8: 263.3757528841612
