Yankee_doodle_Saloon_style_padded8_120: 248.36264880121638
doremi_acc_padded8: 113.79244816409023
doremi_acc_padded8_1: 359.9446515397214
