Yankee_doodle_Saloon_style_padded6_100: 69.58114446285273
Yankee_doodle_Saloon_style_padded6_100_1: 193.45666680202237
